1
2
5
6
8
9
10
13
14
15
17
18
19
23
24
25
26
27
29
30
31
32
33
34
35
36
37
38
39
42
44
45
46
47
48
49
50
53
55
58
70
71
72
74
76
80
81
88
89
90
93
94
95
97
98
99
100
102
104
106
111
113
114
115
117
120
121
122
123
124
125
129
134
135
136
138
139
140
141
143
144
146
148
149
151
152
158
159
162
163
164
167
169
170
171
174
175
177
179
180
185
186
188
190
191
192
193
203
207
209
211
213
214
217
221
236
237
238
239
240
241
243
244
249
256
258
260
261
262
265
266
270
271
276
278
282
283
284
285
286
288
292
294
299
300
301
306
307
308
310
313
322
323
327
329
333
338
340
341
345
346
347
348
351
352
353
354
355
366
368
369
370
377
380
384
385
386
392
393
399
400
407
408
414
417
421
422
423
429
436
439
443
444
450
451
453
454
456
458
459
462
464
465
467
471
473
475
480
484
487
488
489
491
494
495
497
503
505
509
510
511
512
514
515
516
517
519
527
530
531
533
535
536
538
539
541
546
548
553
554
555
560
561
566
568
569
571
572
575
576
577
580
582
583
590
593
594
595
597
599
604
605
613
614
616
618
619
620
621
623
628
634
635
636
638
640
641
642
643
644
646
647
648
649
650
651
652
653
656
661
662
665
666
670
671
673
675
678
679
680
681
687
688
689
691
692
695
696
698
700
701
702
707
709
710
711
712
714
715
717
